Селезнёв Арнольд Авдеевич 2008 1 2 3 4 2 3 3
Матвеев Савелий Макарович 2009 5 9 4 5 2 3 4
Антонов Денис Мэлорович 2007 3 10 3 4 3 2 4
Туров Максимилиан Вениаминович 2000 4 1 2 4 4 2 4
Князев Степан Геннадиевич 1998 5 7 2 4 2 5 4
Зайцев Егор Артемович 1997 1 6 3 3 5 5 2
Медведев Валентин Витальевич 1996 2 7 4 2 3 4 3
Филиппов Дональд Михаилович 1994 2 2 4 3 4 2 5
Шубин Вениамин Леонидович 2004 4 3 2 3 4 3 3
Филатов Вадим Георгиевич 1994 2 1 4 3 5 4 4
Кудряшов Тимофей Владленович 2002 4 9 4 4 4 3 3
Королёв Терентий Макарович 2003 2 8 3 4 4 5 4
Кузнецов Наум Яковович 1998 3 9 3 4 3 4 5
Гордеев Герман Улебович 2003 4 8 4 2 3 4 4
Кононов Корнелий Робертович 1999 3 7 3 4 4 2 3
Иванов Кирилл Григорьевич 2006 4 9 4 3 4 4 3
Русаков Иннокентий Станиславович 2006 3 5 3 4 3 4 3
Калашников Донат Артемович 2000 2 10 4 4 5 3 5
Харитонов Исаак Пантелеймонович 2004 3 8 3 4 5 2 4
Никитин Флор Кимович 1994 1 3 4 5 3 4 4
Калашников Иван Христофорович 2008 1 1 5 5 4 4 2
Ильин Ян Макарович 1997 3 4 3 4 3 4 3
Евсеев Орест Мэлсович 2009 5 5 3 4 3 3 3
Соловьёв Ростислав Еремеевич 1994 4 8 4 3 2 4 2
Андреев Овидий Тимурович 2007 1 2 5 2 5 4 2
Афанасьев Гарри Викторович 2004 4 2 3 3 5 4 5
Костин Натан Антонович 2002 2 4 4 4 5 3 2
Комиссаров Витольд Денисович 1997 4 1 3 5 5 4 5
Смирнов Юстин Романович 1992 2 2 2 2 2 4 2
Шестаков Михаил Аркадьевич 2001 2 4 3 5 4 3 3
Герасимов Игнатий Даниилович 2002 4 9 4 3 4 4 3
Родионов Дмитрий Игнатьевич 1997 3 2 4 3 3 4 4
Дьячков Илларион Юлианович 1990 2 7 2 2 3 4 5
Зуев Юлий Антонович 1997 3 4 3 3 2 3 3
Зиновьев Клим Даниилович 2009 1 8 2 3 5 4 3
Бобров Власий Аркадьевич 1991 3 2 2 5 3 4 2
Волков Сергей Максович 2000 2 4 3 3 3 4 4
Фадеев Зиновий Игнатьевич 1994 3 4 3 3 3 5 3
Гаврилов Валентин Игоревич 1991 2 8 4 4 3 4 2
Куликов Назарий Матвеевич 2008 4 9 4 2 3 3 4
Селиверстов Вилен Семенович 2007 4 1 2 2 4 3 2
Ковалёв Юрий Аркадьевич 2005 3 4 3 5 5 4 3
Авдеев Сергей Данилович 1999 3 3 4 3 5 2 5
Коновалов Болеслав Рубенович 2004 5 8 4 4 5 5 2
Потапов Егор Адольфович 1994 4 8 3 2 2 4 2
Константинов Евгений Федотович 2001 1 4 3 3 3 2 4
Фокин Максимилиан Русланович 1997 1 1 4 3 2 3 4
Денисов Тимофей Аристархович 2009 4 10 3 3 5 3 4
Борисов Бенедикт Антонович 1993 2 2 2 4 4 2 3
Капустин Андрей Валерьянович 2002 3 10 3 4 5 5 5
Артемьева Антонина Игнатьевна 1997 2 7 5 5 4 3 3
Громова Дана Дмитрьевна 2006 2 2 3 4 3 4 3
Воронова Арьяна Тихоновна 1994 2 4 5 3 4 3 4
Логинова Елизавета Михайловна 2005 3 1 5 3 4 2 3
Власова Фия Максовна 1992 4 4 3 3 3 4 3
Ковалёва Крис Вадимовна 1998 2 4 3 4 4 2 4
Козлова Лилу Арсеньевна 2004 4 3 3 4 4 3 5
Зиновьева Оксана Альвиановна 2005 5 8 3 5 3 3 3
Герасимова Нина Ростиславовна 2004 2 6 3 4 3 4 2
Юдина Адель Фроловна 1995 5 4 4 2 5 3 2
Сысоева Мартина Дамировна 2002 1 1 4 3 4 4 4
Александрова Анна Авдеевна 2001 5 2 4 4 3 5 5
Юдина Гера Денисовна 1996 1 7 3 3 2 3 2
Беляева Нега Михайловна 2007 1 3 5 4 5 2 4
Самсонова Чеслава Лукьевна 1994 3 7 3 3 3 3 4
Зайцева Полианна Михаиловна 2001 1 2 2 4 4 2 4
Щукина Авигея Робертовна 1997 2 4 3 4 4 3 4
Кошелева Инесса Макаровна 2005 1 5 3 3 3 4 3
Маркова Богдана Лаврентьевна 2001 5 5 5 2 4 2 4
Герасимова Виктория Егоровна 2007 4 9 4 3 2 4 3
Лыткина Андриана Святославовна 1997 2 8 4 3 2 4 5
Кириллова Силика Егоровна 1990 2 2 4 4 3 3 3
Гришина Рая Тихоновна 1990 1 3 4 4 3 4 4
Горшкова Агния Артемовна 1998 2 5 2 4 2 5 5
Гордеева Айлин Максовна 1993 3 8 3 3 2 5 5
Белякова Алёна Геннадиевна 2003 4 2 2 3 2 3 3
Хохлова Сусанна Лаврентьевна 2003 3 1 5 4 4 3 3
Шашкова Береслава Тарасовна 2000 2 2 4 4 4 2 4
Власова Святослава Витальевна 1992 2 3 4 3 4 4 3
Комарова Вера Прокловна 2002 5 1 4 5 4 2 2
Ковалёва Иоанна Митрофановна 2007 4 1 3 3 5 2 5
Дорофеева Алевтина Федосеевна 2009 4 9 4 3 3 3 4
Фёдорова Дания Кирилловна 1993 4 4 3 4 4 3 4
Быкова Регина Владимировна 1998 5 2 3 3 5 4 3
Зуева Зинаида Пётровна 2007 4 6 5 4 3 3 5
Баранова Августина Улебовна 2010 3 6 4 4 4 3 5
Сафонова Видана Григорьевна 1994 2 3 5 5 4 5 4
Овчинникова Жасмин Руслановна 1999 4 7 4 2 5 3 5
Яковлева Снежана Яковлевна 2003 3 4 4 3 2 3 3
Осипова Гелла Тихоновна 1990 3 3 5 5 4 4 2
Чернова Мишель Альбертовна 2007 1 5 5 3 4 4 4
Назарова Элеонора Филатовна 1999 3 9 3 2 3 5 4
Русакова Астра Федотовна 2004 2 1 5 3 5 5 2
Маркова Доля Валерьевна 2005 4 1 4 5 3 5 2
Баранова Лунара Евгеньевна 2002 2 3 5 5 3 5 3
Фролова Евгения Серапионовна 2002 4 3 4 3 4 4 4
Морозова Юланта Федотовна 1992 4 7 4 4 3 3 3
Сергеева Глория Лаврентьевна 2008 3 5 4 4 3 2 3
Ларионова Фая Константиновна 2004 3 4 3 3 2 3 5
Родионова Радмила Ефимовна 2004 5 8 3 5 3 5 3
Карпова Ева Кирилловна 1993 2 8 4 3 3 3 3
Соколова Маргарита Тимофеевна 2005 2 6 4 4 2 4 2
Архипова Диана Ивановна 2001 3 9 3 3 4 3 3
Крылова Марианна Александровна 1992 3 8 3 3 4 4 4
Дегтярева Арина Владиславовна 1993 4 1 3 4 4 4 4
Коновалова Софья Кирилловна 2002 2 10 5 3 5 5 4
Петрова Ксения Дмитриевна 2004 4 9 4 4 2 3 3
Фомин Фёдор Константинович 2004 3 5 5 5 4 5 5
Воронцов Дмитрий Кириллович 1995 4 4 4 4 3 4 2
Антонова Элина Антоновна 1993 2 8 4 4 5 3 5
Антонова Эмилия Ибрагимовна 2003 4 3 3 4 4 4 5
Ковалева Софья Дмитриевна 1996 2 10 5 3 4 5 4
Головина Милана Фёдоровна 2004 2 6 2 3 3 4 3
Тимофеева Вероника Тимуровна 2007 2 6 5 4 2 4 4
Макаров Герман Макарович 2004 5 6 2 4 4 3 3
Головина Кристина Антоновна 2005 3 9 3 3 2 3 3
Климова Валерия Глебовна 2000 1 5 2 3 2 2 3
Ковалев Арсений Артемьевич 1992 4 6 4 3 2 2 5
Романов Сергей Леонович 2000 2 3 3 4 5 3 3
Кузнецов Владислав Алексеевич 2005 2 8 4 4 5 3 2
Столярова Варвара Михайловна 2005 3 9 4 3 4 4 4
Афанасьева Софья Дамировна 2006 2 8 3 4 5 3 2
Крючков Илья Михайлович 1997 1 7 5 2 4 4 5
Павловский Андрей Львович 1994 2 10 3 4 3 5 2
Зубков Сергей Александрович 1995 1 4 3 4 4 4 4
Ермакова Анна Егоровна 1996 3 10 2 3 3 3 2
Парфенова София Артемьевна 1998 2 7 2 4 3 3 4
Иванов Илья Даниилович 2007 3 8 4 4 3 4 4
Котова Варвара Денисовна 1993 1 1 4 2 3 4 2
Ананьев Андрей Данилович 2008 1 5 4 2 4 3 4
Шубин Тимур Саввич 2007 4 8 4 5 5 4 5
Дегтярев Николай Денисович 2004 2 1 4 3 5 3 4
Ушакова Виктория Георгиевна 1997 3 2 5 4 4 2 4
Фомичев Михаил Максимович 2008 4 2 4 4 3 3 3
Павлов Артём Александрович 1994 4 4 5 3 5 4 5
Федоров Иван Савельевич 2000 3 9 3 4 4 2 3
Соколов Андрей Владимирович 1990 1 9 2 4 5 3 3
Ермакова Александра Фёдоровна 1991 2 5 4 2 2 4 4
Котов Владислав Родионович 1992 2 7 5 2 3 5 4
Гончарова Дарья Тимуровна 1993 4 5 4 4 4 2 3
Егорова Елизавета Павловна 2005 2 10 3 2 3 2 4
Афанасьев Всеволод Дамирович 2007 5 3 5 3 3 4 4
Соколов Никита Денисович 2008 3 4 3 4 3 3 3
Воронова Софья Данииловна 1996 1 9 5 2 4 3 3
Медведев Марк Романович 2009 4 5 2 4 5 3 5
Панов Кирилл Антонович 1998 4 3 2 3 3 3 3
Коровин Андрей Елисеевич 1993 5 4 2 5 4 5 3
Харитонова Екатерина Александровна 1991 3 6 4 3 5 5 4
Куликова Милана Александровна 2007 4 3 3 2 3 5 5
Фролова Ксения Тихоновна 2004 2 2 5 4 3 3 3
Захарова Алиса Артемьевна 1998 4 7 4 3 3 3 2
Токарева Ева Максимовна 1993 5 5 3 5 3 4 3
Гаврилов Сергей Маркович 2005 2 3 3 3 4 3 3
Волков Роберт Тимурович 2001 3 2 3 4 4 3 4
Чижова Стефания Дамировна 1993 1 10 4 4 4 3 3
Кузнецова Екатерина Давидовна 2007 3 5 4 3 3 5 4
Морозов Руслан Даниилович 1997 5 7 5 5 4 4 4
Смирнова Анастасия Марсельевна 1996 2 9 5 5 3 4 4
Шаповалов Тимур Ильич 1993 2 5 5 4 5 4 4
Андреев Вячеслав Тигранович 2002 4 6 4 5 3 4 3
Ковалева Диана Павловна 2004 1 9 4 2 4 4 3
Нефедова Варвара Данииловна 2002 4 6 4 2 2 4 3
Соколов Григорий Даниилович 2008 2 7 4 4 2 3 3
Руднева Софья Михайловна 2009 4 9 5 2 3 2 4
Булгакова Диана Александровна 2002 3 7 4 4 3 3 5
Самсонов Тимофей Филиппович 1997 4 3 4 4 4 5 4
Кириллов Глеб Маркович 1993 1 6 3 3 4 4 3
Мальцев Фёдор Адамович 1998 4 7 5 4 2 4 4
Соколов Андрей Петрович 2000 3 7 4 3 3 3 2
Гончаров Лев Иванович 2006 3 9 3 2 2 2 5
Алексеев Ярослав Ильич 2006 4 2 4 4 3 4 3
Фролов Иван Олегович 2004 3 8 2 4 2 3 2
Беляев Эмиль Ильич 1997 1 3 4 4 4 4 3
Васильев Михаил Викторович 1995 3 8 3 5 4 2 3
Соболев Сергей Владимирович 1993 3 8 3 4 5 4 3
Зотов Александр Григорьевич 2009 5 5 3 5 3 3 5
Некрасова Ирина Артёмовна 2005 2 5 4 4 3 3 2
Большакова Милана Николаевна 2000 5 9 3 3 4 3 2
Комарова Вероника Ивановна 1992 2 8 3 3 4 3 4
Казакова Елизавета Егоровна 1996 1 5 4 4 3 5 2
Смирнов Владимир Глебович 1999 4 2 4 5 2 3 3
Платонов Максим Платонович 1996 4 7 3 3 4 4 4
Пименова Алиса Львовна 1995 2 8 4 4 4 3 2
Алексеева Аделина Алексеевна 2002 3 8 3 3 4 5 3
Серебрякова Александра Константиновна 1992 3 1 4 5 2 4 4
Лыкова Елизавета Владимировна 1993 1 8 2 2 5 3 3
Моисеев Артём Платонович 2008 3 3 4 4 4 4 4
Борисов Егор Андреевич 2001 3 5 4 5 2 3 3
Воронин Мирон Егорович 2009 3 4 4 4 4 4 2
Маслов Илья Маркович 1997 4 3 5 2 4 5 2
Пирогов Сергей Денисович 1995 4 9 5 4 3 4 2
Артемов Дмитрий Романович 1997 2 4 3 4 3 3 3
Петровская Александра Ильинична 2006 4 9 4 2 5 2 5
Муравьев Никита Максимович 1991 2 7 3 5 5 4 5
Константинов Юрий Львович 2005 2 1 3 2 5 4 4
Смирнова Элина Максимовна 1997 4 1 2 4 3 2 4
Яковлев Даниил Васильевич 2002 3 3 5 4 4 3 3
Леонов Григорий Иванович 1998 3 6 5 4 3 5 5
Некрасова Лидия Макаровна 1998 3 5 2 4 4 4 5
Субботина Марьяна Александровна 1990 2 2 5 3 3 3 4
Лазарева Амелия Владиславовна 2000 2 3 4 3 4 3 4
Жуков Артём Дмитриевич 1998 1 9 5 2 5 3 2
Давыдов Вадим Глебович 1997 4 8 3 5 3 5 3
Степанов Лев Александрович 2004 4 1 2 4 3 2 4
Семенова Дарья Захаровна 1995 1 7 5 4 3 3 3
Сомов Денис Артёмович 2003 4 7 3 3 4 3 3
Ушаков Лев Билалович 1993 2 1 3 3 3 3 2
Козлова Кристина Сергеевна 2004 2 5 4 3 5 3 3
Плотников Демид Семёнович 2000 4 6 5 3 5 4 2
Черняев Иван Михайлович 1991 2 5 5 3 4 4 5
Черная София Егоровна 1995 3 5 4 4 4 2 3
Еремин Артём Семёнович 2000 1 2 2 3 4 5 3
Никонов Вячеслав Максимович 2007 5 7 3 5 4 3 2
Михеев Максим Михайлович 1998 5 4 4 4 2 5 3
Трофимова Вероника Евгеньевна 2006 5 5 4 2 4 4 2
Бочарова Варвара Максимовна 1992 3 5 4 5 4 3 2
Литвинов Тигран Давидович 2001 4 3 3 4 2 3 3
Лебедев Михаил Егорович 2008 4 5 3 4 2 3 3
Ефимов Тимофей Романович 2003 5 8 3 2 2 5 4
Котов Артём Александрович 2008 2 7 5 2 3 4 4
Лапшин Сергей Петрович 2006 3 2 4 5 3 3 4
Горбунова Майя Тимуровна 2003 2 5 2 2 3 5 3
Шаров Михаил Никитич 2000 3 3 4 3 4 5 4
Архипова Марьям Дмитриевна 1997 3 10 5 4 3 4 3
Ковалев Александр Степанович 2007 3 6 3 2 3 4 5
Иванова Вероника Глебовна 1997 2 7 4 4 3 2 3
Кудряшова Анна Романовна 2005 2 6 3 3 5 4 4
Соколов Артём Денисович 1993 5 3 5 3 4 4 5
Троицкая Диана Тимофеевна 2004 5 1 3 4 4 4 4
Семенова Полина Романовна 1999 2 10 5 5 4 4 4
Матвеев Иван Андреевич 2002 1 2 2 3 3 3 5
Михеев Иван Артёмович 1998 3 3 4 4 4 4 3
Гусева Арина Юрьевна 2002 1 1 4 2 3 3 4
Михайлов Владимир Александрович 2000 4 9 2 3 4 4 4
Давыдова Алиса Ярославовна 1993 3 4 3 5 2 5 3
Макеев Егор Александрович 2003 4 3 5 3 3 3 4
Кузнецов Павел Ильич 2004 2 5 3 2 2 3 3
Тарасов Савелий Артурович 1994 4 8 3 4 4 3 3
Панова Ева Алексеевна 1990 3 5 4 4 3 4 3
Иванов Дмитрий Иванович 1995 3 2 5 4 5 4 4
Зубов Роман Юрьевич 2010 1 7 5 3 2 4 4
Иванов Рустам Арсентьевич 1996 2 4 5 3 4 4 3
Сидорова Ева Глебовна 2003 4 5 5 3 4 4 2
Кудрявцев Лев Алиевич 2002 2 3 3 5 3 2 4
Поликарпов Артём Демидович 2006 2 9 4 2 4 3 3
Молчанов Кирилл Александрович 2000 3 6 3 4 4 3 2
Павлов Максим Демидович 1998 5 7 3 4 2 2 4
Белов Григорий Павлович 2000 2 4 4 3 5 4 4
Костина Ева Артемьевна 2005 2 8 4 4 3 3 3
Костин Савва Глебович 1997 3 6 3 2 4 4 5
Бочаров Марк Демидович 2008 5 3 2 5 3 4 4
Назарова Вероника Кирилловна 2003 3 1 5 4 3 3 5
Парамонов Павел Иванович 1999 4 4 4 5 4 4 4
Лазарева Мария Артёмовна 1991 2 5 3 5 4 2 5
Захарова Василиса Ярославовна 2006 3 6 3 5 3 5 5
Сухова Ангелина Константиновна 2009 1 7 4 3 5 2 4
Мухин Тимур Захарович 1996 2 5 3 4 3 4 4
Рыбаков Владислав Тимурович 1992 5 7 4 3 3 3 2
Сидоров Ярослав Алексеевич 1999 2 6 4 4 3 4 3
Петухова Дарья Глебовна 2003 3 7 3 2 2 4 4
Фокина Алиса Данииловна 1990 5 6 3 4 3 3 3
Калугина София Лукинична 2007 2 5 4 2 4 3 3
Воробьева Софья Антоновна 2001 1 5 4 2 4 3 2
Логинов Даниэль Никитич 1998 2 6 4 2 3 3 4
Тихонов Георгий Андреевич 2005 2 4 4 4 4 4 4
Севастьянова Аделина Елисеевна 2007 1 5 3 3 4 4 3
Минина Анна Вячеславовна 2010 3 3 5 4 5 2 5
Титова Ева Владимировна 2006 2 9 4 4 4 3 4
Маркин Пётр Романович 1997 4 4 5 4 3 3 4
Воробьев Александр Тимофеевич 2001 4 8 5 4 5 3 5
Коротков Егор Робертович 2001 4 1 2 5 4 3 4
Ковалева Алёна Павловна 2005 1 3 3 3 5 3 2
Соколова Яна Никитична 1990 2 3 3 3 3 2 3
Ильин Александр Ярославович 2006 2 6 3 5 3 3 2
Макарова Елизавета Ярославовна 1991 3 2 5 3 4 2 5
Круглова Виктория Гордеевна 1990 5 8 3 5 5 3 4
Пименова Лидия Данильевна 1992 4 4 3 5 4 3 3
Волкова Милана Игоревна 2001 1 4 4 4 3 5 4
Платонов Давид Николаевич 2004 2 2 4 4 5 4 2
Дмитриев Даниил Егорович 2006 4 9 4 2 5 3 2
Белов Матвей Павлович 1995 4 3 4 2 4 3 4
Киселева Олеся Александровна 2005 2 6 3 3 5 3 4
Хохлов Владислав Вадимович 1990 3 9 4 3 2 2 4
Никитина Анна Львовна 1992 2 9 3 3 5 4 4
Ефимов Илья Николаевич 1999 1 8 3 2 2 5 5
Волков Александр Ярославович 2000 2 5 2 2 4 5 2
Яковлева Мария Тимуровна 2009 3 4 4 3 4 3 3
Дмитриев Савва Миронович 1998 1 8 3 5 3 4 3
Трофимова Виктория Валерьевна 2010 1 10 2 3 3 5 5
Тарасов Даниэль Кириллович 2010 4 2 5 5 3 2 5
Софронов Юрий Александрович 2008 3 2 3 3 4 3 4
Павлов Елисей Денисович 2009 1 3 3 4 2 5 2
Соловьев Александр Александрович 2001 3 2 3 5 3 3 4
Прохоров Михаил Иванович 2002 3 4 3 3 5 3 3
Павлова Анастасия Макаровна 1997 4 7 4 3 5 3 4
Антонов Валерий Николаевич 1996 1 3 3 2 4 4 5
Кузьмина Сафия Марковна 2001 2 3 5 5 4 5 4
Розанов Сергей Маркович 1991 2 5 3 2 2 4 2
Хохлова Виктория Ильинична 2002 4 5 5 3 3 3 4
Коновалова Анастасия Алексеевна 1997 4 7 4 2 4 2 2
Никольский Руслан Артёмович 1993 2 5 5 5 4 4 4
Демин Юрий Петрович 1991 2 4 4 4 5 4 4
Марков Леонид Романович 2004 5 10 3 2 4 3 3
Лаптев Сергей Никитич 2006 2 9 4 5 3 4 4
Казаков Николай Михайлович 2004 3 6 2 4 4 3 4
Сахаров Богдан Фёдорович 1994 4 1 4 2 2 3 4
Казакова Елизавета Николаевна 2002 3 9 4 5 5 5 4
Лебедева Варвара Робертовна 1995 1 10 2 4 4 4 4
Костин Арсений Павлович 1995 5 3 5 3 3 4 5
Орлов Андрей Дмитриевич 2009 3 2 3 4 3 3 3
Шилов Михаил Дмитриевич 1992 1 7 4 4 4 2 5
Туманова Амина Фёдоровна 2008 2 3 2 4 3 3 5
Карасева Елизавета Матвеевна 1997 2 1 2 3 3 3 4
Смирнова Елизавета Филипповна 2004 1 3 3 3 3 4 3
Мельникова Полина Ильинична 2000 5 9 5 2 3 4 2
Поляков Дамир Константинович 2006 3 4 4 2 3 3 3
Лавров Даниил Иванович 2005 1 2 2 4 2 3 2
Павлова Евдокия Тимофеевна 1991 1 2 3 2 4 3 3
Шаров Константин Никитич 2007 2 3 2 4 2 3 3
Казакова Дарья Александровна 2007 1 4 5 3 2 4 3
Селезнева Дарья Матвеевна 2006 3 3 3 5 3 4 4
Баженова Майя Александровна 2009 5 4 5 4 3 4 4
Лазарева Мира Кирилловна 2006 5 2 3 4 3 3 4
Рябов Ярослав Фёдорович 2008 1 6 3 3 4 3 2
Семенова Алина Леонидовна 2008 3 7 3 5 4 4 3
Макарова Наталья Николаевна 2010 3 8 5 5 4 5 3
Сорокина София Мироновна 2005 4 9 3 3 5 4 2
Никонова Варвара Вячеславовна 1997 3 9 3 5 3 4 3
Головин Максим Игоревич 1990 4 4 2 4 4 4 2
Горюнов Олег Савельевич 2002 4 5 3 4 2 4 3
Соколов Владимир Сергеевич 2001 5 9 2 3 3 4 5
Громов Илья Кириллович 1999 3 6 4 4 5 4 4
Назарова Анастасия Ильинична 2006 3 2 3 4 5 4 3
Давыдова Мария Михайловна 1995 3 8 4 4 5 4 4
Морозова Елена Адамовна 2006 1 3 3 2 3 4 5
Ерофеев Марсель Даниилович 2002 2 9 3 4 3 2 5
Винокурова Аврора Алексеевна 1993 1 4 4 2 4 4 5
Сафонова Вера Данииловна 1996 1 2 3 3 3 3 3
Митрофанова Милана Адамовна 2008 5 2 4 2 5 4 4
Иванов Денис Даниилович 2007 5 8 3 4 2 3 3
Егоров Марк Анатольевич 2003 4 5 4 4 5 4 3
Смирнова Анна Артуровна 1994 5 8 3 4 3 3 3
Никонов Максим Артёмович 1997 3 10 4 2 4 3 3
Сергеев Иван Владиславович 1993 1 8 3 2 3 4 3
Новикова Мария Ивановна 2005 4 7 2 5 5 4 2
Александрова Валерия Давидовна 1997 4 6 3 2 4 5 4
Коновалов Даниил Ибрагимович 2010 3 3 5 3 5 4 3
Клюева Лилия Львовна 1996 3 3 4 2 3 2 5
Нефедов Дмитрий Игоревич 2000 3 1 2 3 4 4 2
Баранова Фатима Никитична 2000 2 6 4 4 3 5 2
Смирнова Мария Денисовна 1994 2 8 2 4 3 4 4
Лопатина Елизавета Артёмовна 1999 2 5 5 3 4 3 5
Терентьев Иван Николаевич 1995 4 7 3 2 4 3 5
Князев Александр Святославович 1999 4 6 2 4 2 3 5
Дмитриева Юлия Савельевна 1994 3 2 5 3 3 5 3
Зотов Денис Михайлович 1997 3 10 5 4 3 5 2
Трифонов Роман Никитич 1992 2 6 5 3 3 2 5
Родин Никита Матвеевич 2003 4 9 4 4 2 2 5
Назарова Александра Макаровна 1996 1 5 3 3 3 4 5
Григорьева Юлиана Максимовна 2004 4 5 4 4 4 5 2
Сафонов Сергей Матвеевич 1999 3 6 2 2 5 4 5
Токарева Дарья Игоревна 1994 2 5 4 4 2 5 5
Петухов Лев Степанович 2006 4 3 5 5 4 2 4
Логинова Юлия Саввична 2002 2 3 4 4 4 3 4
Петрова Ева Михайловна 2006 2 6 2 4 4 5 3
Филиппова Екатерина Алексеевна 2002 3 3 4 3 3 4 4
Гордеев Егор Артёмович 1997 3 6 3 2 3 3 4
Медведева Ангелина Павловна 1991 2 7 3 4 4 5 3
Кузина Мирослава Матвеевна 2000 2 7 3 4 5 4 5
Михайлова Вероника Львовна 2007 3 8 3 4 5 4 3
Васильева Варвара Платоновна 2007 2 5 3 3 3 2 4
Устинова Юлия Андреевна 2007 3 2 3 4 5 4 3
Зуева Ксения Георгиевна 1992 1 6 4 3 3 5 3
Медведев Алексей Маркович 1998 5 5 5 3 3 5 3
Добрынина Алиса Лукинична 1992 4 3 4 3 3 4 2
Абрамова Алиса Артёмовна 1997 1 7 4 4 3 3 3
Попова Алиса Ивановна 1995 3 7 5 3 4 3 2
Назаров Александр Русланович 2006 5 9 3 4 3 4 4
Медведева Кристина Михайловна 2008 5 7 4 3 4 5 4
Лаврова Евангелина Алексеевна 2003 5 3 5 4 4 3 3
Степанов Максим Дмитриевич 1992 3 7 4 2 4 3 5
Чернов Александр Сергеевич 2009 2 2 4 2 2 3 3
Большакова Софья Андреевна 2007 3 7 2 4 4 4 4
Лапина Ксения Всеволодовна 2007 2 8 3 3 5 3 3
Черкасов Гордей Алексеевич 2005 1 7 3 3 3 5 3
Власов Егор Константинович 1993 2 10 5 2 5 3 5
Герасимова Сабина Марковна 1995 3 5 3 5 4 5 4
Петров Степан Арсентьевич 2004 3 3 3 4 5 2 3
Сальникова Алиса Данииловна 2005 3 7 3 4 4 4 2
Сухова Вероника Демьяновна 2007 2 6 5 4 2 5 3
Кочетков Владимир Максимович 2008 4 2 2 5 4 4 3
Яковлева Мария Михайловна 1998 4 3 2 3 3 4 5
Афанасьева Станислава Романовна 2002 2 7 4 3 2 4 2
Гришин Константин Филиппович 1991 5 1 4 5 4 2 2
Шишкина Ева Тихоновна 2003 1 8 5 2 4 5 3
Борисова Анастасия Марковна 1997 3 5 5 3 3 4 5
Филиппова София Артёмовна 2004 3 1 5 2 5 3 4
Симонова Арина Львовна 2009 4 6 2 4 3 3 5
Пантелеева София Александровна 2001 5 10 3 4 2 3 5
Серебряков Михаил Николаевич 2006 5 6 3 3 2 5 5
Артамонов Владимир Львович 1994 2 9 2 4 3 4 4
Ершова Екатерина Максимовна 2007 1 4 3 3 4 5 5
Егорова Арина Германовна 1993 3 1 3 3 5 2 4
Киселева Фатима Данииловна 2008 2 3 3 2 4 5 3
Баженов Михаил Александрович 2002 4 7 2 3 3 2 3
Фролов Глеб Тимофеевич 2000 4 2 2 5 5 4 5
Ушаков Тимофей Юрьевич 1998 1 4 3 2 4 5 3
Родионов Григорий Никитич 1998 4 4 4 3 5 3 4
Анисимов Семён Артемьевич 2009 4 7 4 5 4 3 4
Соколова Юлия Владимировна 2005 4 2 5 4 4 4 3
Волкова Диана Николаевна 2007 4 6 4 4 3 4 2
Лазарева Асия Святославовна 1995 2 4 5 3 4 3 5
Семенова Варвара Дмитриевна 2006 2 2 2 4 3 3 3
Лебедев Андрей Константинович 2009 4 6 3 4 3 3 3
Руднев Платон Михайлович 1992 4 5 5 3 2 3 4
Мартынов Всеволод Артурович 2009 3 4 4 3 5 5 5
Селиванова Юлия Сергеевна 2009 5 2 3 5 4 4 3
Русакова Малика Григорьевна 1992 2 9 3 2 3 4 5
Ермилов Тимур Артёмович 1991 4 6 3 5 3 5 2
Горелова София Михайловна 2003 4 6 2 4 4 2 3
Соколова Арина Даниловна 2002 4 6 5 3 3 5 2
Казаков Даниил Матвеевич 1995 4 10 3 2 5 5 4
Хомякова София Артёмовна 2005 5 8 4 2 4 3 5
Елизарова Арина Андреевна 1994 2 7 3 4 4 3 3
Егорова Алия Константиновна 1997 5 3 4 4 3 2 3
Глушков Михаил Алексеевич 2005 4 4 4 3 3 3 4
Ефимова Милана Владиславовна 2006 1 6 3 5 4 3 3
Комарова Нина Егоровна 1996 1 3 3 4 4 4 4
Смирнова Кира Ярославовна 1997 5 1 2 3 3 4 5
Гурова Анастасия Александровна 2005 1 9 2 4 2 3 2
Тихонова Алина Михайловна 1997 2 6 4 4 4 2 3
Потапова Кира Никитична 1997 2 7 5 5 5 3 3
Исакова Виктория Ярославовна 1998 1 2 3 2 3 3 2
Котова Анна Максимовна 2008 2 2 3 3 5 5 4
Греков Никита Семёнович 2004 5 1 2 3 4 3 4
Козлов Дмитрий Святославович 1996 3 6 3 3 3 4 3
Яковлева Амира Михайловна 2006 2 8 2 4 3 3 2
Волкова Ульяна Яковлевна 2010 3 6 4 3 5 3 5
Абрамов Платон Артёмович 1992 4 8 3 3 2 5 5
Елисеева Амира Захаровна 2007 4 7 4 2 4 4 3
Степанова Агата Арсентьевна 2008 2 4 2 3 3 3 4
Богданов Михаил Артурович 2005 1 10 2 3 4 2 5
Павлов Егор Алексеевич 1993 5 10 4 3 3 5 2
Гусев Даниил Святославович 1996 1 9 5 2 2 5 2
Андреева Ольга Дмитриевна 2005 4 4 2 3 4 3 3
Седова Маргарита Львовна 2004 3 2 4 4 2 4 3
Ефимов Евгений Глебович 2001 2 3 2 3 4 3 3
Кузнецов Елисей Георгиевич 2005 3 6 4 3 3 4 5
Тарасова Валерия Алексеевна 2007 1 3 4 2 3 4 5
Бессонова Алиса Марковна 2010 3 7 2 2 3 5 4
Евдокимова Вероника Кирилловна 1995 1 7 3 2 4 5 3
Щербаков Артём Тимурович 1998 2 8 3 3 5 4 3
Власова Виктория Владиславовна 2000 3 7 2 5 4 3 3
Ефимов Артём Миронович 2001 4 5 3 3 2 2 4
Соколова Екатерина Владимировна 1995 5 8 2 4 3 4 4
Акимова Ксения Фёдоровна 1994 3 4 2 3 3 5 2
Яковлев Антон Павлович 2008 3 4 5 4 3 3 3
Лукин Марк Андреевич 1999 1 5 5 4 3 4 3
Носов Александр Романович 1992 2 8 2 2 5 4 4
Иванова София Игоревна 1996 5 1 5 4 4 2 4
Денисова Яна Максимовна 1994 3 5 4 5 5 3 3
Кулешов Роман Иванович 1990 2 6 5 2 2 5 5
Сидорова Екатерина Данииловна 1992 1 1 3 3 2 4 3
Самойлова Дарья Антоновна 1998 2 2 2 3 5 4 4
Медведева Елизавета Матвеевна 2005 3 7 3 2 2 3 4
Савин Игорь Семёнович 1998 3 7 2 4 4 2 4
Беляев Давид Вячеславович 2006 3 1 4 5 4 2 4
Тимофеев Александр Фёдорович 1998 1 8 3 3 3 4 4
Лебедев Максим Андреевич 2009 3 1 3 3 4 2 5
Семенов Фёдор Александрович 2003 5 7 4 3 4 3 5
Ушаков Максим Вячеславович 1991 4 8 4 4 3 3 4
Скворцова Елизавета Максимовна 2009 5 6 4 2 3 3 4
Щербаков Дмитрий Романович 1999 2 2 5 5 3 4 4
Кузин Андрей Александрович 1991 4 2 5 3 3 4 3
Королев Иван Алексеевич 2003 1 7 4 3 4 5 5
Сорокин Никита Елисеевич 2004 2 9 3 3 4 2 4
Гусева Елизавета Львовна 2003 3 4 3 2 2 2 4
Шевелев Александр Артёмович 1997 2 6 3 5 4 4 4
Волков Денис Артёмович 2001 4 3 2 3 4 4 4
Макарова Ева Владимировна 1991 2 6 4 3 5 2 4
Данилов Алексей Арсентьевич 2002 1 5 3 5 2 4 5
Андреева Мария Фёдоровна 1990 1 8 3 5 3 3 5
Суслова Ульяна Георгиевна 1993 2 5 4 3 3 4 4
Ульянов Пётр Тимофеевич 2005 4 2 4 4 2 3 2
Кузнецов Давид Тимофеевич 2002 5 5 4 3 4 2 5
Тихонова Дарина Ильинична 2004 2 4 5 4 3 5 4
Кузьмина Мадина Руслановна 2001 3 1 4 5 4 5 4
Медведева Мария Ивановна 1995 3 3 4 4 3 3 3
Березина Ксения Кирилловна 2003 2 9 2 4 3 2 5
Пирогова Софья Данииловна 2005 4 9 4 4 3 4 3
Бурова Милана Данииловна 1996 5 4 3 2 5 4 4
Краснова Дана Данииловна 1993 5 8 5 3 4 5 2
Латышева Елизавета Дмитриевна 2007 3 8 3 2 3 2 3
Покровская Алиса Дмитриевна 2001 4 7 4 3 3 3 5
Носков Роман Ильич 2002 2 9 4 4 4 5 2
Селезнев Давид Михайлович 1993 3 4 5 2 3 2 3
Сорокина Кира Александровна 1998 3 2 3 4 4 4 3
Муравьев Владимир Иванович 1997 2 8 2 3 4 5 4
Руднева Мария Семёновна 1999 2 7 5 3 3 4 3
Бородин Егор Сергеевич 1998 3 2 3 3 4 3 4