Селезнёв Арнольд Авдеевич 2008 1 2 3 4 2 3 3
Матвеев Савелий Макарович 2009 5 9 4 5 2 3 4
Антонов Денис Мэлорович 2007 3 10 3 4 3 2 4
Туров Максимилиан Вениаминович 2000 4 1 2 4 4 2 4
Князев Степан Геннадиевич 1998 5 7 2 4 2 5 4
Зайцев Егор Артемович 1997 1 6 3 3 5 5 2
Медведев Валентин Витальевич 1996 2 7 4 2 3 4 3
Филиппов Дональд Михаилович 1994 2 2 4 3 4 2 5
Шубин Вениамин Леонидович 2004 4 3 2 3 4 3 3
Филатов Вадим Георгиевич 1994 2 1 4 3 5 4 4
Кудряшов Тимофей Владленович 2002 4 9 4 4 4 3 3
Королёв Терентий Макарович 2003 2 8 3 4 4 5 4
Кузнецов Наум Яковович 1998 3 9 3 4 3 4 5
Гордеев Герман Улебович 2003 4 8 4 2 3 4 4
Кононов Корнелий Робертович 1999 3 7 3 4 4 2 3
Иванов Кирилл Григорьевич 2006 4 9 4 3 4 4 3
Русаков Иннокентий Станиславович 2006 3 5 3 4 3 4 3
Калашников Донат Артемович 2000 2 10 4 4 5 3 5
Харитонов Исаак Пантелеймонович 2004 3 8 3 4 5 2 4
Никитин Флор Кимович 1994 1 3 4 5 3 4 4